$ANSIBLE_VAULT;1.1;AES256
62393432346538613737393438366662393561666466636164633335303865333839646131363638
3634366434656363633137343462313431313833646263360a653365613432633235363930336531
63386434643531343836363265613339633538623438303566613238393139373162373034633038
3638303830353937300a666234643839393532613061356533383138663238383630303865373534
63386263333363363437373561623634316437383838643634353165373236313864623433383363
34323235346262656433646263653865383135356363313232343438346366366236643266346238
33303965613538343962616539316238633761626363616538366666616362303230313631356634
31636133396438323363613737326538663466633839333762653334613463613264656464626231
37626264306237313831633261636530313362373363643930326130313066363761363336653038
63643339376361663330363031383930346331353665333662653465343836323532626437643063
64633932323033343761643230356363616635633834313864633862326261383233653934353862
65373533373232636337373365366361376163663263366363616133383465653839383265356234
39353534306434343831346363636461636232313165363261666461663035333833613232366233
3062396431623230316231303436373862373333356366363432
